15443
15139
14405
30154
18365
20178
14409
20887
6625
15343
3950
30961
16786
8534
5834
23924
24079
16273
12030
12078
31518
16211
32426
4030
2160
28468
5245
4669
31496
2104
18308
9401
26804
10838
30487
4720
1832
14222
19695
3861
14940
14004
8810
15738
25518
2127
3813
26154
750
7582
24151
30887
6415
23620
20615
13398
12549
11913
9442
14980
23986
21874
5912
18284
13689
13106
13460
4672
11095
22323
14583
4428
11983
20202
18259
18219
28368
20440
30621
7214
22887
14189
10548
7653
32725
15098
26536
24586
20707
2494
32451
11283
1385
13346
32512
32236
20804
16653
14504
6062
21972
8271
2314
19686
23665
15324
12231
21083
28502
3974
12562
13329
22739
17297
9818
14715
23870
1496
8978
29642
28381
11585
24247
5783
13103
3150
28459
32368
9617
22115
14899
16092
12620
26593
28508
12765
10638
14969
5405
2092
20131
9834
7633
16639
32338
30055
6367
5171
3542
13966
6694
16890
6722
27946
26487
15222
4724
1780
6259
8093
30385
21109
7682
22853
3135
24383
31085
16633
15884
23146
30366
14625
1230
4499
11512
16810
20510
19654
888
5130
5060
9241
2091
13005
6065
22422
28392
842
27268
6198
14811
26571
514
4578
19128
5440
28191
24743
27239
22438
17596
15974
2454
16659
16455
22347
8138
28602
8961
18122
7323
21182
24400
11461
2542
6117
19950
12935
11159
23145
18226
11551
13213
21315
26698
15339
16763
22391
29099
3021
13968
18322
31213
25597
3899
15342
15504
27903
3929
8861
8192
19066
9321
8487
4006
26119
8151
31693
10295
9136
510
28984
20804
21407
16133
4361
4601
29313
10449
31163
16795
9876
28917
16090
17095
17379
15938
2619
7132
7367
26028
25089
15410
27813
26712
5627
24179
443
23075
22522
30373
18505
28730
13705
27143
13764
8231
25229
4303
16252
12763
19024
23982
22145
19162
26386
5664
30879
3882
20799
26261
7708
8964
18270
13744
4202
29007
20616
11530
26396
18004
3135
13887
9164
17148
12631
9855
7369
27353
29368
15123
10818
14417
5163
29089
25659
19977
8207
3266
17483
1897
4160
13321
17435
27055
28164
16774
17391
21926
5646
7445
31032
863
2203
13558
21279
14832
9794
1309
18175
11901
32528
4111
31863
25699
19371
7568
31201
15253
21021
16274
20861
12877
31423
20091
31768
1812
5961
27600
7541
31349
17726
21274
13661
32572
6340
16926
8436
27244
14317
2881
24876
31416
13431
16505
7113
2337
12419
27510
13170
19797
859
2081
14184
18299
4833
12664
2578
12990
30229
13363
29167
23904
20246
30390
3136
30929
7768
15776
31964
10079
12330
26165
18579
32364
23434
29901
22787
8840
28247
24922
11167
8290
30402
29006
12479
6877
30282
18171
16672
24150
14414
29753
11388
13367
20757
23010
20084
13548
25602
5963
13039
21854
19472
10815
9892
4890
17244
32661
31309
14646
16472
10378
10418
10850
23503
21577
31360
4687
24138
5377
23258
3895
19210
4646
24988
28160
17314
30028
30674
4558
4333
10012
9894
12079
22656
6118
15964
2859
2658
26490
11627
13721
22863
2871
1284
22421
29508
5060
19680
21334
6832
19740
2965
20750
26182
22761
8100
26319
30324
23308
4067
10612
9870
10976
23872
20097
20416
30680
31352
3086
16084
983
24989
19059
25570
990
4724
4362
20303
10997
27066
16019
19263
3721
18653
675
23925
25707
26788
8036
22509
26490
25828
32539
12720
18782
7372
14987
14775
14753
2539
12100
26503
32537
17311
3362
32663
12826
31121
32305
6613
1933
31085
15304
17935
32469
6057
28336
10731
9398
28122
2372
21796
32324
17199
7344
4905
13393
25865
18821
31180
13530
12912
6661
2483
32181
12832
21554
17206
15617
21023
5610
18421
21309
11397
29632
17706
14618
8690
20171
25999
26400
10408
6820
11326
27605
22249
23974
18851
17137
341
26157
1866
6650
31390
13989
6386
26616
2306
17666
12730
6020
15246
4861
19154
11187
8833
6144
12122
30168
22690
28736
10119
19420
8176
11833
26538
19891
3078
2772
5871
22961
10118
22734
22751
7449
7930
15097
18475
22719
9331
4557
10639
13813
9475
22644
12636
31090
32186
31483
17115
29428
21062
30385
24572
4518
2563
3604
26128
25704
19916
12933
24903
25185
683
9961
8584
11141
2035
10207
24157
13892
20212
16445
17714
12456
5547
17282
20956
30441
16223
27875
19654
22669
6009
7248
1488
10716
1638
32184
6537
19614
20924
4829
29455
2503
8574
11871
10935
9347
31822
14728
12733
6895
26240
20952
31571
30692
2406
10992
23422
8065
5793
9585
379
25687
21464
20422
32580
12677
2485
2860
27563
21670
21402
15656
6585
32256
11573
482
926
2011
19362
7792
31721
27455
17014
31445
11891
292
19997
6757
29871
28157
26785
23266
12232
12145
14134
22576
26048
26981
13438
3891
8972
25992
2173
12669
21025
21407
3072
9797
19915
24275
32358
27430
2904
3179
10295
17462
23795
21426
22208
14433
13647
7062
17024
17538
17336
7594
3264
4628
29220
17799
29359
9430
2625
17698
750
31792
5619
24542
27325
13885
6673
18815
20058
24507
2968
9044
7764
28771
17066
24241
10657
17211
19272
17679
29824
22177
11056
9001
27370
920
1514
6174
32323
6825
4923
9480
30068
20403
6850
8046
2090
31157
6848
25771
6856
7936
24041
1705
3654
19403
7975
2598
29589
30563
21082
22059
9358
12776
15920
9962
12116
32133
4235
6421
4842
22469
7734
26521
22397
7469
31767
22644
574
20275
20098
21950
8139
20061
10914
28451
26136
7454
4881
26737
15714
28621
5932
23968
32487
9031
24524
29116
8701
16208
1573
16553
17720
19599
10626
8342
6511
22433
21290
9157
8065
25224
15847
18202
18964
1108
21918
12006
16715
30514
26534
13023
20619
27126
20302
12701
29183
19534
3777
28796
23406
6917
13829
12665
24894
8142
31410
31714
10360
18706
26657
10781
14129
18020
30517
19483
20529
20064
9568
16729
24168
17624
7569
26610
3410
8804
1955
6191
26930
12664
10741
11138
32264
18040
23215
23935
24040
25317
31502
10476
24271
29018
22576
7876
16128
28682
15558
32134
4125
7239
24451
28138
9374
31214
31769
5687
8625
24070
24882
14351
28009
16230
3600
4066
20161
4373
26425
9561
6895
3308
226
2288
3357
18329
10063
26730
17803
27772
26464
11116
7554
31993
26405
19842
10474
27983
5602
7338
9450
27249
8798
20572
29251
24015
394
32680
1979
16390
18982
15108
18021
20255
3372
31500
12105
15568
7450
25975
11799
10118
4386
20391
4482
27611
1648
6259
28478
4199
25245
31868
17185
3515
8727
8598
25436
28888
3754
28555
11964
24066
15341
1010
6838
14334
12046
14502
12623
16698
21480
4323
14959
28386
18225
21483
11699
26713
10042
4467
13098
29939
31408
11248
15170
30798
11240
19873
32753
988
3444
4056
25897
8966
14925
13284
18362
3864
18131
15827
6373
25478
15899
28003
26701
18625
18138
14140
28194
23354
30620
18024
9395
9572
16173
23677
7644
22737
10060
27153
8193
26054
18987
26263
7249
31159
24571
4659
8867
24749
1464
27272
13421
25495
12832
20211
25891
19576
11083
16952
10222
25611
5023
32719
16289
2329
28426
5210
17214
23831
19375
3156
22264
2008
17887
2032
16270
30793
14165
12593
20490
29355
31104
18791
28794
32432
14526
9970
22459
16331
25125
15363
16494
15635
10605
10301
24638
27599
24362
10187
10834
13826
499
1670
18539
18248
22046
3934
12216
14521
20419
8999
26405
23479
26781
4412
9836
2164
32412
14327
10245
28144
8500
11760
2025
16591
12814
1635
14906
30691
